# Euler angles (degrees) and shifts (mm) of clusters
# cl cl#  psi (Rz)   theta (Ry)    phi (Rz)  dx dy dz
# GRETA hole positions (18cm from target, nominal) - second column? 0 for quad, 1 for triple
#  0  0    0.000000   31.717473   -54.000000  0 0 0
#  1  1    0.000000   31.717473    18.000000  0 0 0
#  2  0    0.000000   31.717473    90.000000  0 0 0
#  3  0    0.000000   31.717473   162.000000  0 0 0
#  4  0    0.000000   31.717473  -126.000000  0 0 0
#  5  0   90.000000   58.282526   -18.000000  0 0 0
#  6  0   90.000000   58.282526    54.000000  0 0 0
#  7  0   90.000000   58.282526   126.000000  0 0 0
#  8  0   90.000000   58.282526  -162.000000  0 0 0
#  9  0   90.000000   58.282526   -90.000000  0 0 0
# 10  0  -31.750000   90.000000   -72.000000  0 0 0
# 11  0   31.750000   90.000000   -36.000000  0 0 0
# 12  0  -31.750000   90.000000     0.000000  0 0 0
# 13  0   31.750000   90.000000    36.000000  0 0 0
# 14  0  -31.750000   90.000000    72.000000  0 0 0
# 15  0   31.750000   90.000000   108.000000  0 0 0
# 16  0  -31.750000   90.000000   144.000000  0 0 0
# 17  0   31.750000   90.000000   180.000000  0 0 0
# 18  0  -31.750000   90.000000  -144.000000  0 0 0
# 19  0   31.750000   90.000000  -108.000000  0 0 0
# 20  0  -90.000000  121.717475   -54.000000  0 0 0
# 21  0  -90.000000  121.717475    18.000000  0 0 0
# 22  0  -90.000000  121.717475    90.000000  0 0 0
# 23  0  -90.000000  121.717475   162.000000  0 0 0
# 24  0  -90.000000  121.717475  -126.000000  0 0 0
# 25  0  180.000000  148.282526   -18.000000  0 0 0
# 26  0  180.000000  148.282526    54.000000  0 0 0
# 27  0  180.000000  148.282526   126.000000  0 0 0
# 28  0  180.000000  148.282526  -162.000000  0 0 0
# 29  0  180.000000  148.282526   -90.000000  0 0 0
# Positions for AGATA (at nominal ~ 20-something cm)
#   100    2    344.30249    158.03214     43.94942      74.47046   71.78835 -256.43201
#   101    2    344.30249    158.03214    115.94942     -45.26214   93.00944 -256.43201
#   102    2    344.30249    158.03214    187.94942    -102.44400  -14.30536 -256.43201
#   103    2    344.30249    158.03214    259.94942     -18.05173 -101.85064 -256.43201
#   104    2    344.30249    158.03214    331.94942      91.28742  -48.64179 -256.43201
#   105    2    203.78938    134.70689     17.72403     187.19053   59.82662 -194.51805
#   106    2    111.58401    131.66388     54.86230     118.88858  168.92497 -183.81146
#   107    2    203.78938    134.70689     89.72403      0.94655  196.51622 -194.51805
#   108    2    111.58401    131.66388    126.86230    -123.91860  165.27045 -183.81146
#   109    2    203.78938    134.70689    161.72403    -186.60553   61.62708 -194.51805
#   110    2    111.58401    131.66388    198.86230    -195.47449  -66.78221 -183.81146
#   111    2    203.78938    134.70689    233.72403    -116.27512 -158.42859 -194.51805
#   112    2    111.58401    131.66388    270.86230      3.10872 -206.54412 -183.81146
#   113    2    203.78938    134.70689    305.72403     114.74355 -159.54133 -194.51805
#   114    2    111.58401    131.66388    342.86230     197.39578  -60.86907 -183.81146
#   115    2    339.23411     94.69061      4.41752     274.76345   21.22642  -22.61151
#   116    2    275.83355    110.07050     25.19577     235.00638  110.56443  -94.89101
#   117    2     42.90622    106.29152     53.38366     158.30216  213.02705  -77.56738
#   118    2    339.23411     94.69061     76.41752      64.71905  267.87489  -22.61151
#   119    2    275.83355    110.07050     97.19577     -32.53206  257.67063  -94.89101
#   120    2     42.90622    106.29152    125.38366    -153.68272  216.38327  -77.56738
#   121    2    339.23411     94.69061    148.41752    -234.76488  144.32937  -22.61151
#   122    2    275.83355    110.07050    169.19577    -255.11230   48.68478  -94.89101
#   123    2     42.90622    106.29152    197.38366    -253.28328  -79.29484  -77.56738
#   124    2    339.23411     94.69061    220.41752    -209.81172 -178.67444  -22.61151
#   125    2    275.83355    110.07050    241.19577    -125.13602 -227.58178  -94.89101
#   126    2     42.90622    106.29152    269.38366      -2.85497 -265.39017  -77.56738
#   127    2    339.23411     94.69061    292.41752     105.09410 -254.75623  -22.61151
#   128    2    275.83355    110.07050    313.19577     177.77399 -189.33806  -94.89101
#   129    2     42.90622    106.29152    341.38366     251.51882  -84.72532  -77.56738
#   130    2    222.90622     73.70848    347.21634     258.82678  -58.72637   77.56738
#   131    2     95.83355     69.92950     15.40423     250.38609   68.98769   94.89101
#   132    2    159.23411     85.30939     36.18248     222.43361  162.69235   22.61151
#   133    2    222.90622     73.70848     59.21634     135.83398  228.01146   77.56738
#   134    2     95.83355     69.92950     87.40423      11.76236  259.44967   94.89101
#   135    2    159.23411     85.30939    108.18248     -85.99386  261.82164   22.61151
#   136    2    222.90622     73.70848    131.21634    -174.87679  199.64520   77.56738
#   137    2     95.83355     69.92950    159.40423    -243.11655   91.36103   94.89101
#   138    2    159.23411     85.30939    180.18248    -275.58074   -0.87768   22.61151
#   139    2    222.90622     73.70848    203.21634    -243.91377 -104.62394   77.56738
#   140    2     95.83355     69.92950    231.40423    -162.01665 -202.98546   94.89101
#   141    2    159.23411     85.30939    252.18248     -84.32441 -262.36407   22.61151
#   142    2    222.90622     73.70848    275.21634      24.12978 -264.30635   77.56738
#   143    2     95.83355     69.92950    303.40423     142.98475 -216.81294   94.89101
#   144    2    159.23411     85.30939    324.18248     223.46539 -161.27224   22.61151
#   145    2     23.78938     45.29311     22.87597     181.06203   76.39413  194.51805
#   146    2    291.58400     48.33612     57.73770     110.26493  174.67623  183.81146
#   147    2     23.78938     45.29311     94.87597     -16.70389  195.80730  194.51805
#   148    2    291.58400     48.33612    129.73770    -132.05323  158.84610  183.81146
#   149    2     23.78938     45.29311    166.87597    -191.38559   44.62144  194.51805
#   150    2    291.58400     48.33612    201.73770    -191.87831  -76.50393  183.81146
#   151    2     23.78938     45.29311    238.87597    -101.57891 -168.22974  194.51805
#   152    2    291.58400     48.33612    273.73770      13.46591 -206.12813  183.81146
#   153    2     23.78938     45.29311    310.87597     128.60638 -148.59313  194.51805
#   154    2    291.58400     48.33612    345.73770     200.20070  -50.89026  183.81146
#   155    2    164.30249     21.96786    356.65058     103.26129   -6.04338  256.43201
#   156    2    164.30249     21.96786     68.65058      37.65709   96.33982  256.43201
#   157    2    164.30249     21.96786    140.65058     -79.98793   65.58466  256.43201
#   158    2    164.30249     21.96786    212.65058     -87.09235  -55.80627  256.43201
#   159    2    164.30249     21.96786    284.65058      26.16190 -100.07483  256.43201
# MiniBall cluster angles for 12cm from target
# 200   3    0.000   67.000   40.000  84.618   71.003   46.888
# 201   3    0.000   67.000   140.00 -84.618   71.003   46.888
# 202   3    0.000   67.000   220.00 -84.618  -71.003   46.888
# 203   3    0.000   67.000   320.00  84.618  -71.003   46.888
# 204   3    0.000  125.000   40.000  75.301   63.185  -68.829
# 205   3    0.000  125.000   140.00 -75.301   63.185  -68.829
# 206   3    0.000  125.000   220.00 -75.301  -63.185  -68.829
# 207   3    0.000  125.000   320.00  75.301  -63.185  -68.829
# MiniBall cluster angles for 12.5cm from target
# 200   3    0.000   67.000   40.000  88.143   73.961   48.841
# 201   3    0.000   67.000   140.00 -88.143   73.961   48.841
# 202   3    0.000   67.000   220.00 -88.143  -73.961   48.841
# 203   3    0.000   67.000   320.00  88.143  -73.961   48.841
# 204   3    0.000  125.000   40.000  78.438   65.818  -71.697
# 205   3    0.000  125.000   140.00 -78.438   65.818  -71.697
# 206   3    0.000  125.000   220.00 -78.438  -65.818  -71.697
# 207   3    0.000  125.000   320.00  78.438  -65.818  -71.697
# MiniBall cluster angles for 13cm from target
# 200   3    0.000   67.000   40.000  91.669   76.920   50.795
# 201   3    0.000   67.000   140.00 -91.669   76.920   50.795
# 202   3    0.000   67.000   220.00 -91.669  -76.920   50.795
# 203   3    0.000   67.000   320.00  91.669  -76.920   50.795
# 204   3    0.000  125.000   40.000  81.576   68.450  -74.565
# 205   3    0.000  125.000   140.00 -81.576   68.450  -74.565
# 206   3    0.000  125.000   220.00 -81.576  -68.450  -74.565
# 207   3    0.000  125.000   320.00  81.576  -68.459  -74.565

#KW MB 30 deg ring 6 detectors, 20 cm
# 200    3       0       30      0       100     0       173.205
# 201    3       60      30      60      50      86.6025 173.205
# 202    3       120     30      120     -50     86.6025 173.205
# 203    3       180     30      180     -100    0     	173.205
# 204    3       240     30      240     -50     -86.6025        173.205
# 205    3       300     30      300     50      -86.6025        173.205

#KW MB 30 deg ring 6 detectors, 22 cm
#   Greta xyz =000 = nominal -> R= 5 invert signs
#   Agata defined wrt center? R = 20
#   second ring now at 65
   0    0       90      65      -20  	-42.5825	15.4988         -21.1309
   1    1        0      65      -90  	0		45.3154        	-21.1309
 100	2	60	65	-150	-156.977        -90.6308        84.5237
 200    3       0       30      0       110     	0		190.526
 201    3       60      30      60      55      	95.2628 	190.526
 202    3       120     30      120     -55     	95.2628 	190.526
 203    3       180     30      180     -110    	0     		190.526
 204    3       240     30      240     -55     	-95.2628        190.526
 205    3       300     30      300     55      	-95.2628        190.526
 206	3	0	65	60	90.6308 	156.977 	84.5237
 207	3	150	65	150	-156.977        90.6308 	84.5237

